 01001 01028 01152 01241 01415 02185 02225 02836 03953 04018
 04202 04220 04270 04320 03026 04360 06011 07110 08001 08495
 08509 04339 20046 20069 20107 20274 20292 20353 20674 20744
 20891 21358 21432 21504 21647 21824 21965 21982 23022 23146
 23418 23472 24125 24266 24343 24507 24688 24959 25123 25173
 25399 25954 32186 32217 47971 47991 70027 70086 70133 70200
 70219 70261 70273 70308 70316 70361 70398 70414 70454 71043
 71051 71072 07510 71081 71082 71109 71119 71801 71811 71816
 71826 71836 71848 71867 71906 71907 71909 71913 71915 71917
 71924 71925 71926 71934 71945 71957 22113 22271 22522 22550
 91066 91217 91245 91275 07761 91366 91376 91413 91517 91592
 91610 91643 91680 91765 91925 91938 91948 91958 91997 03119
 93780 93844 93944 93986 93997 94120 94299 94332 94326 94461
 94610 94802 94865 94975 94995 94996 94998 96996 08221 08302
 08522 08579 16242 16429 16560 16754 17607 23205 23552 25551
 25677 25703 25913 31004 31168 32061 32618 35746 38392 40394
 40416 41140 41217 41316 41467 42339 43333 43369 43466 43555
 43599 44277 47918 47945 48407 48568 48694 51777 51828 59981
 70350 71600 71701 71722 71896 76151 76458 76644 76654 76723
 78016 78073 78355 78384 78397 78486 78526 78641 78767 78806
 78866 78954 78970 78988 91285 91334 91348 91408 91558 91801
 91843 91944 94175 94203 94672 94767 94986 95502 96035 96163
 96237 96471 96413 96743 96935 97014 97180 97724 98327 98646
 98836
